	C12D01	C16D02	C13D09	C09D05	C18D04	C02D02	C12D02	C05D01	C06D03	C04D02	Mock	C18D06	C14D01	C15D02	C13D07	C02D01	C10D03	C10D01	C03D02	C14D03	C14D02	C08D03	C09D06	C09D04	C15D01	C16D03	C05D02	C16D01	C02D03	C07D02	C07D03	C06D01	C04D03	C08D02	C11D01	C10D02	C12D03	C11D03	C04D01	C18D05	C11D02	C07D01	C01D03	C17D02	C13D08	C17D01	C15D03	C01D01	C01D02	C05D03	C06D02	C17D03	C08D01	C03D01	C03D03
C12D01	0.0	1.37521565849	2.26996351226	1.50812855604	2.59942479792	2.14511637	0.194664039057	2.05216885302	1.40643290547	1.93760561887	3.7535203166	2.57831337962	1.06672275094	0.623084120755	0.942391136038	2.24866904755	0.378571261321	0.538935632075	1.9946135283	1.08278316113	1.18712715453	2.35438540019	1.26159949151	1.38267951943	0.434937394906	1.2002463283	1.94943116868	1.49595068887	2.25884707019	1.26860590962	1.38420359453	1.46144186566	1.98619700189	2.41301902245	1.73781755604	0.893683833774	0.459873919245	1.65975367868	1.93732321453	2.37911725434	1.53807860604	1.41553678377	2.13063990717	2.82117675264	2.43681481321	2.92904589434	0.332058028302	2.21859525132	2.07330226302	1.89333895415	1.35440195547	2.89811529528	2.46648648321	2.10992234208	1.97386153434
C16D02	1.37521565849	0.0	2.86981529075	1.20777251075	1.55483944472	1.20542576057	1.32697386736	1.06112847189	0.489022249623	0.834144026792	3.16225429208	1.52432697472	2.25169837774	1.68146504792	1.52524375604	1.33998427736	1.59162817528	1.60938965849	0.95333476717	2.0013611917	2.25561932472	1.33318898736	1.18997354736	1.04291603226	1.54334226585	0.254423944151	0.955614897358	0.198339248868	1.24556570642	0.52939258283	0.494413538302	0.466972296604	0.88056096717	1.39441299453	0.678862701698	1.37397626358	1.35400665283	0.569752079057	0.857026719434	1.43003359057	0.431843863774	0.519209996226	1.15864915358	1.7257638734	3.02674982453	1.82498034981	1.36004358	1.25783059094	1.11835987434	0.84291861717	0.568377198868	1.77035686623	1.42019170321	1.08121843528	0.905860627925
C13D09	2.26996351226	2.86981529075	0.0	3.32471138755	4.12560907434	3.6753373634	2.19321598	3.60273480377	2.90649383962	3.42412920623	5.34102946208	4.10469609226	1.30675036623	1.82803444472	1.75042627623	3.77852041717	2.46931437358	2.61226347415	3.53169101226	1.32474130358	1.20508497509	3.75903621585	3.06811146981	3.1939841434	1.97485914755	2.68845445943	3.48946373075	3.00024717094	3.74222099415	2.81362432792	2.96838062792	2.96738724396	3.47294669491	3.82324836415	3.23558384792	2.96720071283	2.6490296866	3.14902401472	3.4287623917	3.92700738811	3.02608839981	3.00868153566	3.64515578887	4.24096466302	0.215146059811	4.3282834817	2.18067850321	3.73896041679	3.6070117734	3.4085555034	2.84488077679	4.30457490943	3.86106070151	3.64175200453	3.49136877038
C09D05	1.50812855604	1.20777251075	3.32471138755	0.0	2.24414908943	1.73373686943	1.58350255849	1.74641891358	1.12918906528	1.70170086698	3.2519184783	2.23792831302	2.34888828321	1.87342862698	1.89177744981	1.81441180132	1.36841509509	1.2674493134	1.69856880321	2.30848148585	2.47587970075	1.92118104189	0.357064423019	0.28065330566	1.73274311547	1.28607779943	1.63477336019	1.30310879132	1.86862999038	1.11071344075	1.12542111132	1.17574480962	1.74158139113	1.98125246679	1.48765584302	0.904624041509	1.18163204132	1.41556901547	1.69100424453	1.97214997717	1.30633763453	1.16950174698	1.7333362734	2.44553573396	3.49303921943	2.54272010132	1.50163264849	1.81042153981	1.68013527038	1.62535450604	1.17750563	2.53453767208	2.0452785034	1.81640577547	1.70448150132
C18D04	2.59942479792	1.55483944472	4.12560907434	2.24414908943	0.0	0.744530551321	2.54839964679	0.734959312453	1.52000417321	0.993466432264	2.13705425943	0.106424203208	3.45004748811	2.85363976547	2.58561333547	0.705345982075	2.78165373019	2.80158299075	0.794859245094	3.19493194283	3.47166743094	0.83287398717	2.21103292151	2.02627389774	2.71556354717	1.71324789943	0.829255339057	1.40259686566	0.625919329245	1.54248937509	1.43658124151	1.47074849075	0.938174260566	0.764251098868	1.27255087623	2.53339201547	2.5397554017	1.33459666717	0.959781993962	0.495312714906	1.47123166019	1.4191765417	0.787115872264	0.583056144151	4.28421522811	0.678859948491	2.46261641604	0.743099420189	0.857000853396	0.914757221887	1.59464874283	0.662233937358	0.735104922642	0.707979659245	0.842776191132
C02D02	2.14511637	1.20542576057	3.6753373634	1.73373686943	0.744530551321	0.0	2.09085581321	0.339644763774	1.14770277623	0.709635783208	2.46154515717	0.735014330755	2.97002025038	2.38597992925	2.00747022679	0.248754451887	2.32285690302	2.34688121415	0.445022646981	2.71645326057	3.00387151887	0.579684303774	1.70264552528	1.49519431774	2.26081081887	1.36269454962	0.417062583962	1.05250798868	0.29548779	1.15753451925	1.04208433132	1.08644492623	0.655282031132	0.623606849057	0.910019021887	2.06780581962	2.08243443717	0.969250635472	0.669770659623	0.434614113774	1.10905881528	1.01195581415	0.268221599434	0.990887837736	3.83706522849	1.10230435075	1.97806535755	0.286929159811	0.319947862075	0.587559406415	1.20593987528	1.09119128868	0.681034163019	0.327005414717	0.519862270755
C12D02	0.194664039057	1.32697386736	2.19321598	1.58350255849	2.54839964679	2.09085581321	0.0	2.00715323774	1.2966816917	1.86135164019	3.78457618472	2.52591638811	1.18889169528	0.553723287736	0.921274169057	2.19861873755	0.527930825283	0.653117041321	1.94750448208	1.04264933642	1.17881606377	2.31368742528	1.33180111321	1.47046268151	0.445205853962	1.15219971415	1.90574642887	1.44814825811	2.19680719189	1.21270014642	1.32513084302	1.35957600094	1.90541720321	2.37820052981	1.65603937509	1.04014916491	0.552030806981	1.57714609434	1.85652313585	2.35147356019	1.45754452774	1.36080210283	2.09323162245	2.77457581321	2.35541083038	2.86760650962	0.344984684717	2.17883275377	2.04023652358	1.83858591962	1.24247957302	2.83742750302	2.42009919585	2.06865676226	1.91849304434
C05D01	2.05216885302	1.06112847189	3.60273480377	1.74641891358	0.734959312453	0.339644763774	2.00715323774	0.0	1.04075614377	0.510403084717	2.52620168321	0.707268571509	2.9164064583	2.33013222623	2.02343353472	0.491087344717	2.24623205245	2.26491990585	0.288499305094	2.66323202623	2.94827743057	0.65130649283	1.71935050226	1.51631482151	2.19090780453	1.22813159943	0.210022768491	0.923538904151	0.449787553019	0.975419187925	0.857687873962	0.985138910377	0.463019907358	0.697917520377	0.775659159245	2.00118280264	2.01161795151	0.826492802642	0.478554212075	0.569956140943	0.96511323717	0.82935409	0.331829917547	1.03943671623	3.76477566547	1.15215850245	1.9365243817	0.431739048491	0.390089895283	0.313887843396	1.10833723566	1.13238195396	0.746248243396	0.247191597358	0.338726777547
C06D03	1.40643290547	0.489022249623	2.90649383962	1.12918906528	1.52000417321	1.14770277623	1.2966816917	1.04075614377	0.0	0.846234379811	3.18036856283	1.49650340547	2.27432112057	1.63239042547	1.50199181698	1.26971056811	1.61892988151	1.62005670547	0.941796314906	2.02761792283	2.26193634755	1.36203952717	1.09729449396	0.964810095849	1.52486978038	0.565779408868	0.931429527736	0.581762869811	1.16452710962	0.423429655472	0.480675946415	0.132066037547	0.885981575283	1.4262537683	0.576821125283	1.37988639849	1.3387394866	0.49652813283	0.834465687547	1.41925497038	0.396977243208	0.516121949623	1.14352709906	1.7817534234	3.04860735038	1.84514522434	1.31289499717	1.24785867679	1.12095173981	0.81975358	0.131142125094	1.80721304415	1.44926875736	1.06835663698	0.895055603208
C04D02	1.93760561887	0.834144026792	3.42412920623	1.70170086698	0.993466432264	0.709635783208	1.86135164019	0.510403084717	0.846234379811	0.0	2.77257834717	0.967701632075	2.80678175245	2.20789396642	2.04828019189	0.854179063774	2.14281444208	2.1447299117	0.446322151698	2.56166516113	2.80038994208	0.908126728491	1.66742006585	1.52392504057	2.08758306698	1.00259304491	0.411491529057	0.716024077925	0.734587279245	0.873212808868	0.758669563208	0.804292828302	0.114861826792	0.966830968868	0.571757906981	1.90740228925	1.89404350038	0.618144836415	0.0933293167925	0.915065849057	0.72662901434	0.736359946792	0.627273326415	1.29697400245	3.56778947774	1.3762437566	1.88391687132	0.72055706717	0.605077396981	0.282496970377	0.920639977358	1.31721368472	0.989740264717	0.568900471132	0.369959264151
Mock	3.7535203166	3.16225429208	5.34102946208	3.2519184783	2.13705425943	2.46154515717	3.78457618472	2.52620168321	3.18036856283	2.77257834717	0.0	2.1598397483	4.59519236189	4.05938273434	3.88527038472	2.33681097925	3.81395367528	3.82163602906	2.6086008917	4.46869925208	4.69271619189	2.37484046623	3.29481809604	3.13716911679	3.93084670736	3.31179832113	2.61597762717	3.02570455717	2.41320125509	3.19959812057	3.07700975226	3.12687033623	2.7371971366	2.30755181755	2.97348851	3.52567714283	3.59056875019	3.03627897189	2.74621283	2.25173328679	3.18746677434	3.05755613962	2.49118956302	2.24350231792	5.49767309057	2.15843562981	3.68821497321	2.42625306566	2.52031514604	2.73206073075	3.24949785396	2.27347063792	2.30848213642	2.50269529189	2.65648315283
C18D06	2.57831337962	1.52432697472	4.10469609226	2.23792831302	0.106424203208	0.735014330755	2.52591638811	0.707268571509	1.49650340547	0.967701632075	2.1598397483	0.0	3.43300198226	2.84280719208	2.58181957415	0.705696784151	2.77033782094	2.78844469094	0.770615519245	3.18053480528	3.45532124283	0.831824794151	2.20520302623	2.02155118434	2.70228266321	1.68617053358	0.81048200717	1.37653443415	0.612040033585	1.52351118811	1.41241382811	1.44974459811	0.90761043283	0.765671633774	1.25075848698	2.52406579113	2.52570082943	1.31099512208	0.934834703585	0.500816129434	1.44632153925	1.39289185849	0.794218867925	0.58147368434	4.2628248566	0.677561413208	2.45850252189	0.751823200755	0.863718133208	0.877864630377	1.57261559434	0.656340481698	0.732936657547	0.68537512434	0.808067871698
C14D01	1.06672275094	2.25169837774	1.30675036623	2.34888828321	3.45004748811	2.97002025038	1.18889169528	2.9164064583	2.27432112057	2.80678175245	4.59519236189	3.43300198226	0.0	0.793370698113	1.25911326849	3.06654715623	1.2762634017	1.44328329925	2.85588724717	0.298852395472	0.181753176415	3.16629427264	2.10346335642	2.21381917528	0.862136061321	2.06480584679	2.80452483208	2.37566340887	3.08578073962	2.12366407189	2.24477307981	2.33168088226	2.85353077925	3.22112732358	2.5884041734	1.78202724094	1.45897679321	2.50912366019	2.80574238547	3.19987150189	2.38975402226	2.28090208113	2.95018559623	3.64006148623	1.47507515321	3.74050692943	1.10994549283	3.03161669774	2.89332620151	2.75945843	2.21922319245	3.72089798547	3.2771299983	2.97448748208	2.84329766113
C15D02	0.623084120755	1.68146504792	1.82803444472	1.87342862698	2.85363976547	2.38597992925	0.553723287736	2.33013222623	1.63239042547	2.20789396642	4.05938273434	2.84280719208	0.793370698113	0.0	0.697555590377	2.48067734113	0.872423437925	1.02043029585	2.26910475849	0.652357829057	0.80339495	2.58418054547	1.62159157264	1.74179866547	0.254192885094	1.50558692642	2.22232543283	1.79856884132	2.50461478868	1.53428267453	1.64885346887	1.69258804226	2.25310197472	2.64833192774	1.99617636396	1.37217957264	0.962144781887	1.91739540434	2.20354164358	2.62075554642	1.80405976604	1.69239811434	2.37151381736	3.0680571617	1.99253261434	3.15350175019	0.489806808679	2.45215436642	2.31294696755	2.17971355981	1.57588321774	3.13902073604	2.69158098585	2.39174206057	2.25697115774
C13D07	0.942391136038	1.52524375604	1.75042627623	1.89177744981	2.58561333547	2.00747022679	0.921274169057	2.02343353472	1.50199181698	2.04828019189	3.88527038472	2.58181957415	1.25911326849	0.697555590377	0.0	2.08472482925	1.12558254755	1.29703638321	1.97695815075	1.02769345264	1.31710492302	2.17961985283	1.64456568642	1.68034489925	0.611701522642	1.33729200472	1.8923394866	1.62603336038	2.19935065377	1.37018507321	1.5224234283	1.55618226208	2.07953589491	2.22495706226	1.80705160113	1.59293799057	1.31481643038	1.73184749434	2.02577166453	2.22905195566	1.63364784698	1.55112068962	1.98079290698	2.7091663434	1.90564600472	2.82232071226	0.711284508491	2.05986839868	1.92123060321	1.93979783509	1.4479855217	2.82414053208	2.29237604453	2.07524695811	2.0024704417
C02D01	2.24866904755	1.33998427736	3.77852041717	1.81441180132	0.705345982075	0.248754451887	2.19861873755	0.491087344717	1.26971056811	0.854179063774	2.33681097925	0.705696784151	3.06654715623	2.48067734113	2.08472482925	0.0	2.42050326132	2.44241148491	0.596348180377	2.82188839509	3.10413148434	0.454625519434	1.7935418466	1.57998861679	2.3638071666	1.49413906264	0.569866398491	1.18198925943	0.289187659623	1.28516641717	1.1739511817	1.20848489585	0.806736330189	0.493378731132	1.0276817734	2.16005140057	2.17620736943	1.09216979038	0.810599911132	0.317887386792	1.23797626302	1.14831245962	0.377684752075	0.923495326226	3.94061433472	1.0249891083	2.0683793083	0.317002070943	0.422548559623	0.750677721321	1.33035504226	1.02351930321	0.557686543962	0.474393493019	0.67400667283
C10D03	0.378571261321	1.59162817528	2.46931437358	1.36841509509	2.78165373019	2.32285690302	0.527930825283	2.24623205245	1.61892988151	2.14281444208	3.81395367528	2.77033782094	1.2762634017	0.872423437925	1.12558254755	2.42050326132	0.0	0.20612952283	2.19527589717	1.29603801717	1.39818412113	2.51701520264	1.12106585321	1.24902578943	0.695594062264	1.40693146736	2.1377553183	1.71530544264	2.43619687377	1.45495957925	1.57514106377	1.67955608094	2.18927559038	2.57407285057	1.92954431509	0.560788201132	0.411865231509	1.84747952642	2.14053026943	2.55208654132	1.73020925264	1.61540602245	2.3096700666	3.00463531736	2.63646992887	3.11408225415	0.576285633019	2.39246412245	2.25047087868	2.09769705698	1.57038633604	3.09175667094	2.63248771434	2.30658752189	2.18951204585
C10D01	0.538935632075	1.60938965849	2.61226347415	1.2674493134	2.80158299075	2.34688121415	0.653117041321	2.26491990585	1.62005670547	2.1447299117	3.82163602906	2.78844469094	1.44328329925	1.02043029585	1.29703638321	2.44241148491	0.20612952283	0.0	2.2183695634	1.4675189883	1.54716570321	2.53223384321	1.08518016472	1.22683348585	0.861622101698	1.42748617509	2.15959692717	1.73667987528	2.45949900491	1.4640675534	1.57796915566	1.68410967849	2.18951348868	2.59166278887	1.93053952208	0.429496446981	0.401242892075	1.85048093075	2.14254901	2.56985349623	1.73112338755	1.62117734642	2.33278809585	3.02383313679	2.77749234453	3.12580590226	0.74646283434	2.41067304906	2.27360200566	2.11418849868	1.56989639547	3.10462070736	2.64505585642	2.32983237792	2.20759600226
C03D02	1.9946135283	0.95333476717	3.53169101226	1.69856880321	0.794859245094	0.445022646981	1.94750448208	0.288499305094	0.941796314906	0.446322151698	2.6086008917	0.770615519245	2.85588724717	2.26910475849	1.97695815075	0.596348180377	2.19527589717	2.2183695634	0.0	2.60137081509	2.88674517491	0.699461588113	1.66769697755	1.47127581453	2.12838074094	1.11846262415	0.220656446415	0.813265108868	0.529846876226	0.936118600189	0.821926127736	0.886869606415	0.388472916604	0.742909320566	0.708681582075	1.95083807075	1.95171531396	0.757743253774	0.421223363585	0.640284031321	0.885673094717	0.796336856981	0.408212415849	1.04731193264	3.69492519094	1.16194743283	1.8746766434	0.514451600755	0.378856893585	0.332013882075	1.01441004566	1.1366261383	0.787335040566	0.208324727736	0.14444502717
C14D03	1.08278316113	2.0013611917	1.32474130358	2.30848148585	3.19493194283	2.71645326057	1.04264933642	2.66323202623	2.02761792283	2.56166516113	4.46869925208	3.18053480528	0.298852395472	0.652357829057	1.02769345264	2.82188839509	1.29603801717	1.4675189883	2.60137081509	0.0	0.318630967358	2.93855077302	2.06422389717	2.14874505377	0.75809810434	1.81459173774	2.54908283283	2.11843847038	2.83083848113	1.88474061981	2.0075897417	2.08363188491	2.60661500038	2.99116397151	2.34442875755	1.79367267453	1.48732697472	2.26100306358	2.56003379868	2.95356492	2.13906734075	2.04142819623	2.69956348943	3.39128843717	1.49815688792	3.50151769887	0.972830725283	2.78560061434	2.64297730113	2.50799891642	1.97359867283	3.47256717566	3.04714372811	2.71916393302	2.59015675321
C14D02	1.18712715453	2.25561932472	1.20508497509	2.47587970075	3.47166743094	3.00387151887	1.17881606377	2.94827743057	2.26193634755	2.80038994208	4.69271619189	3.45532124283	0.181753176415	0.80339495	1.31710492302	3.10413148434	1.39818412113	1.54716570321	2.88674517491	0.318630967358	0.0	3.20794029736	2.2246240917	2.34934789321	0.901860021509	2.07515435604	2.8386571017	2.3847437	3.10910900509	2.13311828415	2.25395768075	2.3239342417	2.84705288283	3.26741354981	2.58097784491	1.90596422528	1.57007081151	2.49831374755	2.80245186491	3.23523286925	2.37632369377	2.29281389415	2.98772356094	3.66532215358	1.37066867755	3.76198731038	1.18897156774	3.07124239566	2.93270610698	2.78059273019	2.20831955151	3.7327960117	3.31467176679	3.00596421547	2.8692292783
C08D03	2.35438540019	1.33318898736	3.75903621585	1.92118104189	0.83287398717	0.579684303774	2.31368742528	0.65130649283	1.36203952717	0.908126728491	2.37484046623	0.831824794151	3.16629427264	2.58418054547	2.17961985283	0.454625519434	2.51701520264	2.53223384321	0.699461588113	2.93855077302	3.20794029736	0.0	1.90847419698	1.70214733547	2.47988461887	1.4868681983	0.730559836415	1.18975625623	0.532568303208	1.37696677585	1.26751415962	1.31696373528	0.853858428868	0.16101435434	1.10242177132	2.25570520075	2.28669767	1.15138653849	0.876486099623	0.558446176415	1.29218724283	1.24989221377	0.573997833774	0.798324070566	3.90762929566	0.866978655283	2.18870054396	0.52791487566	0.63054300283	0.854437623774	1.43400232472	0.894069427547	0.19343965283	0.582126558868	0.735895752264
C09D06	1.26159949151	1.18997354736	3.06811146981	0.357064423019	2.21103292151	1.70264552528	1.33180111321	1.71935050226	1.09729449396	1.66742006585	3.29481809604	2.20520302623	2.10346335642	1.62159157264	1.64456568642	1.7935418466	1.12106585321	1.08518016472	1.66769697755	2.06422389717	2.2246240917	1.90847419698	0.0	0.30053259434	1.48681250491	1.03087780321	1.60624531792	1.28802482113	1.83500011415	0.976574027925	1.09621463321	1.14556405755	1.70582505566	1.96935198717	1.45791599434	0.827767285283	0.933685489623	1.38597338113	1.65694738377	1.94826067906	1.27533054396	1.14128615981	1.7094282934	2.41928771132	3.23707822736	2.51636413189	1.25907532698	1.79166945528	1.65566280925	1.5958761566	1.03443229755	2.50691197887	2.03092269623	1.78558169245	1.6760882666
C09D04	1.38267951943	1.04291603226	3.1939841434	0.28065330566	2.02627389774	1.49519431774	1.47046268151	1.51631482151	0.964810095849	1.52392504057	3.13716911679	2.02155118434	2.21381917528	1.74179866547	1.68034489925	1.57998861679	1.24902578943	1.22683348585	1.47127581453	2.14874505377	2.34934789321	1.70214733547	0.30053259434	0.0	1.58990395509	1.12017169604	1.40069790925	1.1296166	1.64260157377	0.922894186038	0.937596223774	1.01889479	1.55543083038	1.75955983509	1.2964358366	0.927251108679	1.06709992811	1.2233587634	1.50709456566	1.73476687717	1.11623051906	0.985992189245	1.4959230534	2.23122507509	3.36938197717	2.33515863868	1.31551469679	1.5748462934	1.44294491868	1.42443694226	1.01772932849	2.32980321057	1.8257993883	1.58272517434	1.49709475868
C15D01	0.434937394906	1.54334226585	1.97485914755	1.73274311547	2.71556354717	2.26081081887	0.445205853962	2.19090780453	1.52486978038	2.08758306698	3.93084670736	2.70228266321	0.862136061321	0.254192885094	0.611701522642	2.3638071666	0.695594062264	0.861622101698	2.12838074094	0.75809810434	0.901860021509	2.47988461887	1.48681250491	1.58990395509	0.0	1.36535719377	2.08156069151	1.66189898302	2.37114384849	1.41303880491	1.52799781698	1.58062773528	2.13366713906	2.53914683774	1.87312084226	1.19495068906	0.81667029566	1.79834623019	2.08468333623	2.49461898321	1.68433897906	1.56880589755	2.25177673377	2.94474690679	2.14556775453	3.04558285981	0.352051599434	2.33598254623	2.1944342817	2.04027709547	1.47425716283	3.02292639623	2.59020751774	2.25082975019	2.11742556094
C16D03	1.2002463283	0.254423944151	2.68845445943	1.28607779943	1.71324789943	1.36269454962	1.15219971415	1.22813159943	0.565779408868	1.00259304491	3.31179832113	1.68617053358	2.06480584679	1.50558692642	1.33729200472	1.49413906264	1.40693146736	1.42748617509	1.11846262415	1.81459173774	2.07515435604	1.4868681983	1.03087780321	1.12017169604	1.36535719377	0.0	1.1163087917	0.370699574906	1.39798176	0.51653756434	0.677670038302	0.624866161132	1.04914123774	1.55003877943	0.835635951132	1.1875213934	1.18015210415	0.728242489623	1.02657829566	1.58540484792	0.594986372075	0.702217811321	1.31436565774	1.89049994849	2.8418751517	1.99226682377	1.18055643849	1.41252025208	1.27411189396	1.01174341226	0.523997977358	1.93973647528	1.57420547604	1.24398565453	1.07429855321
C05D02	1.94943116868	0.955614897358	3.48946373075	1.63477336019	0.829255339057	0.417062583962	1.90574642887	0.210022768491	0.931429527736	0.411491529057	2.61597762717	0.81048200717	2.80452483208	2.22232543283	1.8923394866	0.569866398491	2.1377553183	2.15959692717	0.220656446415	2.54908283283	2.8386571017	0.730559836415	1.60624531792	1.40069790925	2.08156069151	1.1163087917	0.0	0.814363265094	0.531144577736	0.880205463585	0.76404204283	0.88009034566	0.361502274717	0.774073366604	0.693179081698	1.89074221189	1.90554646491	0.738919623585	0.380899460566	0.643068265283	0.874345238491	0.739676481887	0.402155309057	1.11789876509	3.65180732415	1.23523283698	1.82339980566	0.502384209811	0.36977461434	0.232080666981	1.00230150528	1.21033213302	0.824491153774	0.333032508868	0.251662049811
C16D01	1.49595068887	0.198339248868	3.00024717094	1.30310879132	1.40259686566	1.05250798868	1.44814825811	0.923538904151	0.581762869811	0.716024077925	3.02570455717	1.37653443415	2.37566340887	1.79856884132	1.62603336038	1.18198925943	1.71530544264	1.73667987528	0.813265108868	2.11843847038	2.3847437	1.18975625623	1.28802482113	1.1296166	1.66189898302	0.370699574906	0.814363265094	0.0	1.08793578887	0.641837436226	0.534430664151	0.533407602453	0.75842565566	1.25048379547	0.555914569811	1.48391333434	1.47002115453	0.448162086792	0.733250283774	1.27655592698	0.476635596415	0.504008700189	1.00920905642	1.58678542226	3.15933300434	1.69118867604	1.45451245604	1.10649679453	0.968980445849	0.710039123019	0.661342791509	1.63931069849	1.27854313774	0.937732991321	0.767050885094
C02D03	2.25884707019	1.24556570642	3.74222099415	1.86862999038	0.625919329245	0.29548779	2.19680719189	0.449787553019	1.16452710962	0.734587279245	2.41320125509	0.612040033585	3.08578073962	2.50461478868	2.19935065377	0.289187659623	2.43619687377	2.45949900491	0.529846876226	2.83083848113	3.10910900509	0.532568303208	1.83500011415	1.64260157377	2.37114384849	1.39798176	0.531144577736	1.08793578887	0.0	1.23462705453	1.13104637528	1.1168397434	0.6830691	0.583848931887	0.930347745094	2.18332648057	2.20048448113	0.996888991509	0.694555379057	0.471135934717	1.14197231283	1.11536120566	0.453091108679	0.926608931509	3.9041642834	1.02401945358	2.11033269434	0.409635046415	0.522368748679	0.633033719434	1.23427477849	1.00697443453	0.628406910755	0.412232429245	0.580591062642
C07D02	1.26860590962	0.52939258283	2.81362432792	1.11071344075	1.54248937509	1.15753451925	1.21270014642	0.975419187925	0.423429655472	0.873212808868	3.19959812057	1.52351118811	2.12366407189	1.53428267453	1.37018507321	1.28516641717	1.45495957925	1.4640675534	0.936118600189	1.88474061981	2.13311828415	1.37696677585	0.976574027925	0.922894186038	1.41303880491	0.51653756434	0.880205463585	0.641837436226	1.23462705453	0.0	0.230618575849	0.495598174906	0.909194412642	1.43948102943	0.682556548679	1.22040505057	1.22157455075	0.594753138868	0.856348876981	1.39541998321	0.487368665849	0.279318798302	1.12742006434	1.80026786906	2.97511095151	1.89842740585	1.19567025264	1.22223130019	1.09143143528	0.818364399623	0.385088859057	1.86510435547	1.48018384906	1.05889114943	0.919608600189
C07D03	1.38420359453	0.494413538302	2.96838062792	1.12542111132	1.43658124151	1.04208433132	1.32513084302	0.857687873962	0.480675946415	0.758669563208	3.07700975226	1.41241382811	2.24477307981	1.64885346887	1.5224234283	1.1739511817	1.57514106377	1.57796915566	0.821926127736	2.0075897417	2.25395768075	1.26751415962	1.09621463321	0.937596223774	1.52799781698	0.677670038302	0.76404204283	0.534430664151	1.13104637528	0.230618575849	0.0	0.444116504717	0.789216653019	1.33028057811	0.591239410943	1.33885518868	1.33303880962	0.496006481509	0.741856241509	1.2755485383	0.397104800189	0.121835763962	1.02024580623	1.69344988	3.14353424472	1.79125300774	1.31162961679	1.10951805679	0.977770168491	0.703276421887	0.556946420566	1.76139790868	1.37016587283	0.944948408302	0.800591965472
C06D01	1.46144186566	0.466972296604	2.96738724396	1.17574480962	1.47074849075	1.08644492623	1.35957600094	0.985138910377	0.132066037547	0.804292828302	3.12687033623	1.44974459811	2.33168088226	1.69258804226	1.55618226208	1.20848489585	1.67955608094	1.68410967849	0.886869606415	2.08363188491	2.3239342417	1.31696373528	1.14556405755	1.01889479	1.58062773528	0.624866161132	0.88009034566	0.533407602453	1.1168397434	0.495598174906	0.444116504717	0.0	0.843996533962	1.38118060962	0.51190341	1.44021920585	1.39661459585	0.431664796792	0.791623377547	1.35807625321	0.337738126415	0.478031862642	1.08553745132	1.72135976811	3.11097327245	1.7902915166	1.36923846113	1.18978025623	1.05995833698	0.77567226283	0.18749331283	1.75052163943	1.40676145264	1.00687008057	0.844603553962
C04D03	1.98619700189	0.88056096717	3.47294669491	1.74158139113	0.938174260566	0.655282031132	1.90541720321	0.463019907358	0.885981575283	0.114861826792	2.7371971366	0.90761043283	2.85353077925	2.25310197472	2.07953589491	0.806736330189	2.18927559038	2.18951348868	0.388472916604	2.60661500038	2.84705288283	0.853858428868	1.70582505566	1.55543083038	2.13366713906	1.04914123774	0.361502274717	0.75842565566	0.6830691	0.909194412642	0.789216653019	0.843996533962	0.0	0.915331730755	0.617375265472	1.95282848585	1.9409194517	0.666561830755	0.106245010755	0.855087716604	0.777772642264	0.771698542264	0.571971466415	1.23181603453	3.61839469283	1.31006138302	1.92487356415	0.663688095472	0.550647131698	0.307216632642	0.961791015849	1.25389723	0.935584631509	0.511101827358	0.311026506792
C08D02	2.41301902245	1.39441299453	3.82324836415	1.98125246679	0.764251098868	0.623606849057	2.37820052981	0.697917520377	1.4262537683	0.966830968868	2.30755181755	0.765671633774	3.22112732358	2.64833192774	2.22495706226	0.493378731132	2.57407285057	2.59166278887	0.742909320566	2.99116397151	3.26741354981	0.16101435434	1.96935198717	1.75955983509	2.53914683774	1.55003877943	0.774073366604	1.25048379547	0.583848931887	1.43948102943	1.33028057811	1.38118060962	0.915331730755	0.0	1.16930639925	2.31259950151	2.34881036736	1.21637131962	0.937883860377	0.47722819	1.35459520849	1.30708557981	0.61241212283	0.739966492453	3.97634142321	0.812852889245	2.24548329415	0.566765671509	0.668057475283	0.908378836604	1.49927650962	0.837240472453	0.152750271321	0.623256129057	0.785562077547
C11D01	1.73781755604	0.678862701698	3.23558384792	1.48765584302	1.27255087623	0.910019021887	1.65603937509	0.775659159245	0.576821125283	0.571757906981	2.97348851	1.25075848698	2.5884041734	1.99617636396	1.80705160113	1.0276817734	1.92954431509	1.93053952208	0.708681582075	2.34442875755	2.58097784491	1.10242177132	1.45791599434	1.2964358366	1.87312084226	0.835635951132	0.693179081698	0.555914569811	0.930347745094	0.682556548679	0.591239410943	0.51190341	0.617375265472	1.16930639925	0.0	1.68947392377	1.69109579604	0.170762761509	0.555655696604	1.16354431038	0.320564379434	0.558590159811	0.867785192264	1.52245297245	3.37742356962	1.58478314245	1.66320321717	0.958115940566	0.848105089623	0.578887072075	0.647897497925	1.56562412642	1.19382559208	0.824551129811	0.658718906226
C10D02	0.893683833774	1.37397626358	2.96720071283	0.904624041509	2.53339201547	2.06780581962	1.04014916491	2.00118280264	1.37988639849	1.90740228925	3.52567714283	2.52406579113	1.78202724094	1.37217957264	1.59293799057	2.16005140057	0.560788201132	0.429496446981	1.95083807075	1.79367267453	1.90596422528	2.25570520075	0.827767285283	0.927251108679	1.19495068906	1.1875213934	1.89074221189	1.48391333434	2.18332648057	1.22040505057	1.33885518868	1.44021920585	1.95282848585	2.31259950151	1.68947392377	0.0	0.515503619057	1.60675197509	1.90579371245	2.29091237981	1.49557358509	1.37985649453	2.05491961679	2.75416019057	3.13517069	2.86400379264	1.04489160434	2.13164968962	1.9948977466	1.85435604717	1.3302969817	2.84509547396	2.37163214981	2.06258245962	1.94448441415
C12D03	0.459873919245	1.35400665283	2.6490296866	1.18163204132	2.5397554017	2.08243443717	0.552030806981	2.01161795151	1.3387394866	1.89404350038	3.59056875019	2.52570082943	1.45897679321	0.962144781887	1.31481643038	2.17620736943	0.411865231509	0.401242892075	1.95171531396	1.48732697472	1.57007081151	2.28669767	0.933685489623	1.06709992811	0.81667029566	1.18015210415	1.90554646491	1.47002115453	2.20048448113	1.22157455075	1.33303880962	1.39661459585	1.9409194517	2.34881036736	1.69109579604	0.515503619057	0.0	1.61557440057	1.89294329415	2.31896742755	1.49328778906	1.3758116117	2.07474401396	2.77285190925	2.81492081585	2.87140359585	0.690976708679	2.15536111849	2.01689691736	1.86202579302	1.28584972566	2.84724504208	2.39751516849	2.07246791868	1.93921437887
C11D03	1.65975367868	0.569752079057	3.14902401472	1.41556901547	1.33459666717	0.969250635472	1.57714609434	0.826492802642	0.49652813283	0.618144836415	3.03627897189	1.31099512208	2.50912366019	1.91739540434	1.73184749434	1.09216979038	1.84747952642	1.85048093075	0.757743253774	2.26100306358	2.49831374755	1.15138653849	1.38597338113	1.2233587634	1.79834623019	0.728242489623	0.738919623585	0.448162086792	0.996888991509	0.594753138868	0.496006481509	0.431664796792	0.666561830755	1.21637131962	0.170762761509	1.60675197509	1.61557440057	0.0	0.611776327547	1.22065697981	0.218890807736	0.463656651132	0.921885759811	1.57051838981	3.29166003566	1.63733903151	1.58979143906	1.01975213075	0.894130783962	0.62266854566	0.563508436415	1.61189245585	1.24254777396	0.871127456981	0.701227820189
C04D01	1.93732321453	0.857026719434	3.4287623917	1.69100424453	0.959781993962	0.669770659623	1.85652313585	0.478554212075	0.834465687547	0.0933293167925	2.74621283	0.934834703585	2.80574238547	2.20354164358	2.02577166453	0.810599911132	2.14053026943	2.14254901	0.421223363585	2.56003379868	2.80245186491	0.876486099623	1.65694738377	1.50709456566	2.08468333623	1.02657829566	0.380899460566	0.733250283774	0.694555379057	0.856348876981	0.741856241509	0.791623377547	0.106245010755	0.937883860377	0.555655696604	1.90579371245	1.89294329415	0.611776327547	0.0	0.882163950377	0.733460263962	0.720954134528	0.588426599811	1.26966280377	3.57377071302	1.34608727868	1.87182066887	0.680832165472	0.570613083585	0.260570559623	0.910165996415	1.29271663019	0.962853496226	0.541196757736	0.344002723585
C18D05	2.37911725434	1.43003359057	3.92700738811	1.97214997717	0.495312714906	0.434614113774	2.35147356019	0.569956140943	1.41925497038	0.915065849057	2.25173328679	0.500816129434	3.19987150189	2.62075554642	2.22905195566	0.317887386792	2.55208654132	2.56985349623	0.640284031321	2.95356492	3.23523286925	0.558446176415	1.94826067906	1.73476687717	2.49461898321	1.58540484792	0.643068265283	1.27655592698	0.471135934717	1.39541998321	1.2755485383	1.35807625321	0.855087716604	0.47722819	1.16354431038	2.29091237981	2.31896742755	1.22065697981	0.882163950377	0.0	1.35948765245	1.24742447057	0.48353770566	0.773415305094	4.08893734943	0.876673885283	2.20350096453	0.418383599623	0.517135924528	0.821343299057	1.4770285766	0.867537657547	0.47201611566	0.529972182075	0.725942755849
C11D02	1.53807860604	0.431843863774	3.02608839981	1.30633763453	1.47123166019	1.10905881528	1.45754452774	0.96511323717	0.396977243208	0.72662901434	3.18746677434	1.44632153925	2.38975402226	1.80405976604	1.63364784698	1.23797626302	1.73020925264	1.73112338755	0.885673094717	2.13906734075	2.37632369377	1.29218724283	1.27533054396	1.11623051906	1.68433897906	0.594986372075	0.874345238491	0.476635596415	1.14197231283	0.487368665849	0.397104800189	0.337738126415	0.777772642264	1.35459520849	0.320564379434	1.49557358509	1.49328778906	0.218890807736	0.733460263962	1.35948765245	0.0	0.4129824	1.0617924517	1.71145977868	3.16898662906	1.7823958766	1.48660208377	1.15490188	1.03486803245	0.747240357547	0.460078644151	1.75159431302	1.38090013189	1.0048417334	0.822649079245
C07D01	1.41553678377	0.519209996226	3.00868153566	1.16950174698	1.4191765417	1.01195581415	1.36080210283	0.82935409	0.516121949623	0.736359946792	3.05755613962	1.39289185849	2.28090208113	1.69239811434	1.55112068962	1.14831245962	1.61540602245	1.62117734642	0.796336856981	2.04142819623	2.29281389415	1.24989221377	1.14128615981	0.985992189245	1.56880589755	0.702217811321	0.739676481887	0.504008700189	1.11536120566	0.279318798302	0.121835763962	0.478031862642	0.771698542264	1.30708557981	0.558590159811	1.37985649453	1.3758116117	0.463656651132	0.720954134528	1.24742447057	0.4129824	0.0	0.995315536604	1.66752725189	3.18294168491	1.77345311132	1.35346711887	1.08210175283	0.945518366415	0.669960610377	0.590297344906	1.73647937302	1.35233559189	0.918014000189	0.767586203019
C01D03	2.13063990717	1.15864915358	3.64515578887	1.7333362734	0.787115872264	0.268221599434	2.09323162245	0.331829917547	1.14352709906	0.627273326415	2.49118956302	0.794218867925	2.95018559623	2.37151381736	1.98079290698	0.377684752075	2.3096700666	2.33278809585	0.408212415849	2.69956348943	2.98772356094	0.573997833774	1.7094282934	1.4959230534	2.25177673377	1.31436565774	0.402155309057	1.00920905642	0.453091108679	1.12742006434	1.02024580623	1.08553745132	0.571971466415	0.61241212283	0.867785192264	2.05491961679	2.07474401396	0.921885759811	0.588426599811	0.48353770566	1.0617924517	0.995315536604	0.0	1.00620924245	3.80627294981	1.11029798189	1.95829749811	0.191192121509	0.163946811321	0.574741016792	1.20830044679	1.09521702962	0.673911205472	0.371294740566	0.487617933962
C17D02	2.82117675264	1.7257638734	4.24096466302	2.44553573396	0.583056144151	0.990887837736	2.77457581321	1.03943671623	1.7817534234	1.29697400245	2.24350231792	0.58147368434	3.64006148623	3.0680571617	2.7091663434	0.923495326226	3.00463531736	3.02383313679	1.04731193264	3.39128843717	3.66532215358	0.798324070566	2.41928771132	2.23122507509	2.94474690679	1.89049994849	1.11789876509	1.58678542226	0.926608931509	1.80026786906	1.69344988	1.72135976811	1.23181603453	0.739966492453	1.52245297245	2.75416019057	2.77285190925	1.57051838981	1.26966280377	0.773415305094	1.71145977868	1.66752725189	1.00620924245	0.0	4.40822180321	0.254990078679	2.68775020849	0.940320390755	1.04932463755	1.22599091509	1.83769808962	0.228882068679	0.696417269434	0.940860504906	1.10276759189
C13D08	2.43681481321	3.02674982453	0.215146059811	3.49303921943	4.28421522811	3.83706522849	2.35541083038	3.76477566547	3.04860735038	3.56778947774	5.49767309057	4.2628248566	1.47507515321	1.99253261434	1.90564600472	3.94061433472	2.63646992887	2.77749234453	3.69492519094	1.49815688792	1.37066867755	3.90762929566	3.23707822736	3.36938197717	2.14556775453	2.8418751517	3.65180732415	3.15933300434	3.9041642834	2.97511095151	3.14353424472	3.11097327245	3.61839469283	3.97634142321	3.37742356962	3.13517069	2.81492081585	3.29166003566	3.57377071302	4.08893734943	3.16898662906	3.18294168491	3.80627294981	4.40822180321	0.0	4.48972107057	2.35634953321	3.89972895434	3.76778908906	3.56928699226	2.98469656	4.46180920472	4.00878412509	3.80463891906	3.65082664792
C17D01	2.92904589434	1.82498034981	4.3282834817	2.54272010132	0.678859948491	1.10230435075	2.86760650962	1.15215850245	1.84514522434	1.3762437566	2.15843562981	0.677561413208	3.74050692943	3.15350175019	2.82232071226	1.0249891083	3.11408225415	3.12580590226	1.16194743283	3.50151769887	3.76198731038	0.866978655283	2.51636413189	2.33515863868	3.04558285981	1.99226682377	1.23523283698	1.69118867604	1.02401945358	1.89842740585	1.79125300774	1.7902915166	1.31006138302	0.812852889245	1.58478314245	2.86400379264	2.87140359585	1.63733903151	1.34608727868	0.876673885283	1.7823958766	1.77345311132	1.11029798189	0.254990078679	4.48972107057	0.0	2.78608188377	1.04235752226	1.15663943698	1.33035757491	1.90527053774	0.265220631887	0.759368174151	1.05903779113	1.20514006755
C15D03	0.332058028302	1.36004358	2.18067850321	1.50163264849	2.46261641604	1.97806535755	0.344984684717	1.9365243817	1.31289499717	1.88391687132	3.68821497321	2.45850252189	1.10994549283	0.489806808679	0.711284508491	2.0683793083	0.576285633019	0.74646283434	1.8746766434	0.972830725283	1.18897156774	2.18870054396	1.25907532698	1.31551469679	0.352051599434	1.18055643849	1.82339980566	1.45451245604	2.11033269434	1.19567025264	1.31162961679	1.36923846113	1.92487356415	2.24548329415	1.66320321717	1.04489160434	0.690976708679	1.58979143906	1.87182066887	2.20350096453	1.48660208377	1.35346711887	1.95829749811	2.68775020849	2.35634953321	2.78608188377	0.0	2.03798574226	1.89965653623	1.81106178019	1.2618308517	2.77988603906	2.30165287189	1.99373604434	1.8800418434
C01D01	2.21859525132	1.25783059094	3.73896041679	1.81042153981	0.743099420189	0.286929159811	2.17883275377	0.431739048491	1.24785867679	0.72055706717	2.42625306566	0.751823200755	3.03161669774	2.45215436642	2.05986839868	0.317002070943	2.39246412245	2.41067304906	0.514451600755	2.78560061434	3.07124239566	0.52791487566	1.79166945528	1.5748462934	2.33598254623	1.41252025208	0.502384209811	1.10649679453	0.409635046415	1.22223130019	1.10951805679	1.18978025623	0.663688095472	0.566765671509	0.958115940566	2.13164968962	2.15536111849	1.01975213075	0.680832165472	0.418383599623	1.15490188	1.08210175283	0.191192121509	0.940320390755	3.89972895434	1.04235752226	2.03798574226	0.0	0.239942596604	0.680134576792	1.31083116981	1.02793598434	0.624797493019	0.40463855717	0.596280793208
C01D02	2.07330226302	1.11835987434	3.6070117734	1.68013527038	0.857000853396	0.319947862075	2.04023652358	0.390089895283	1.12095173981	0.605077396981	2.52031514604	0.863718133208	2.89332620151	2.31294696755	1.92123060321	0.422548559623	2.25047087868	2.27360200566	0.378856893585	2.64297730113	2.93270610698	0.63054300283	1.65566280925	1.44294491868	2.1944342817	1.27411189396	0.36977461434	0.968980445849	0.522368748679	1.09143143528	0.977770168491	1.05995833698	0.550647131698	0.668057475283	0.848105089623	1.9948977466	2.01689691736	0.894130783962	0.570613083585	0.517135924528	1.03486803245	0.945518366415	0.163946811321	1.04932463755	3.76778908906	1.15663943698	1.89965653623	0.239942596604	0.0	0.548165629245	1.18234577094	1.13890521377	0.729361240943	0.424046873019	0.459214093585
C05D03	1.89333895415	0.84291861717	3.4085555034	1.62535450604	0.914757221887	0.587559406415	1.83858591962	0.313887843396	0.81975358	0.282496970377	2.73206073075	0.877864630377	2.75945843	2.17971355981	1.93979783509	0.750677721321	2.09769705698	2.11418849868	0.332013882075	2.50799891642	2.78059273019	0.854437623774	1.5958761566	1.42443694226	2.04027709547	1.01174341226	0.232080666981	0.710039123019	0.633033719434	0.818364399623	0.703276421887	0.77567226283	0.307216632642	0.908378836604	0.578887072075	1.85435604717	1.86202579302	0.62266854566	0.260570559623	0.821343299057	0.747240357547	0.669960610377	0.574741016792	1.22599091509	3.56928699226	1.33035757491	1.81106178019	0.680134576792	0.548165629245	0.0	0.896500174906	1.29218625509	0.948292566792	0.456534152453	0.264699748113
C06D02	1.35440195547	0.568377198868	2.84488077679	1.17750563	1.59464874283	1.20593987528	1.24247957302	1.10833723566	0.131142125094	0.920639977358	3.24949785396	1.57261559434	2.21922319245	1.57588321774	1.4479855217	1.33035504226	1.57038633604	1.56989639547	1.01441004566	1.97359867283	2.20831955151	1.43400232472	1.03443229755	1.01772932849	1.47425716283	0.523997977358	1.00230150528	0.661342791509	1.23427477849	0.385088859057	0.556946420566	0.18749331283	0.961791015849	1.49927650962	0.647897497925	1.3302969817	1.28584972566	0.563508436415	0.910165996415	1.4770285766	0.460078644151	0.590297344906	1.20830044679	1.83769808962	2.98469656	1.90527053774	1.2618308517	1.31083116981	1.18234577094	0.896500174906	0.0	1.86315485302	1.52140413264	1.13232845642	0.970215429057
